Results:
Size: 50
[0.4166666666666667, 0.42, 0.4766666666666667, 0.43666666666666665, 0.4, 0.4266666666666667, 0.44333333333333336, 0.45666666666666667, 0.47333333333333333, 0.48333333333333334, 0.41333333333333333, 0.44666666666666666, 0.45666666666666667, 0.3933333333333333, 0.42333333333333334, 0.4166666666666667, 0.41333333333333333, 0.43, 0.46, 0.48, 0.43, 0.42, 0.4533333333333333, 0.44666666666666666, 0.45666666666666667, 0.44666666666666666, 0.4533333333333333, 0.44666666666666666, 0.42333333333333334, 0.4633333333333333, 0.38666666666666666, 0.47333333333333333, 0.43666666666666665, 0.4066666666666667, 0.4, 0.43, 0.41, 0.44, 0.44333333333333336, 0.43, 0.4166666666666667, 0.45666666666666667, 0.4533333333333333, 0.38666666666666666, 0.4633333333333333, 0.4266666666666667, 0.43666666666666665, 0.4533333333333333, 0.4266666666666667, 0.44]
(0.43646666666666684, 0.023827248640532914, 0.48333333333333334, 0.38666666666666666)
Size: 100
[0.4666666666666667, 0.42333333333333334, 0.52, 0.42333333333333334, 0.4633333333333333, 0.48, 0.5166666666666667, 0.44666666666666666, 0.49333333333333335, 0.44666666666666666, 0.4666666666666667, 0.4666666666666667, 0.4066666666666667, 0.43, 0.44666666666666666, 0.43666666666666665, 0.4866666666666667, 0.4666666666666667, 0.4666666666666667, 0.4666666666666667, 0.4866666666666667, 0.4533333333333333, 0.4766666666666667, 0.44333333333333336, 0.4533333333333333, 0.45, 0.45666666666666667, 0.4266666666666667, 0.4866666666666667, 0.49666666666666665, 0.43666666666666665, 0.45, 0.4766666666666667, 0.44, 0.43, 0.4666666666666667, 0.47333333333333333, 0.45, 0.4866666666666667, 0.4866666666666667, 0.4633333333333333, 0.4666666666666667, 0.49, 0.4666666666666667, 0.53, 0.4, 0.4666666666666667, 0.5066666666666667, 0.47, 0.44]
(0.46293333333333314, 0.02728157701534947, 0.53, 0.4)
Size: 500
[0.6033333333333334, 0.54, 0.5833333333333334, 0.5866666666666667, 0.6333333333333333, 0.61, 0.55, 0.57, 0.5766666666666667, 0.5766666666666667, 0.5466666666666666, 0.5333333333333333, 0.5666666666666667, 0.5733333333333334, 0.56, 0.5633333333333334, 0.5866666666666667, 0.5866666666666667, 0.5766666666666667, 0.58, 0.63, 0.5866666666666667, 0.6333333333333333, 0.5966666666666667, 0.5733333333333334, 0.5966666666666667, 0.5866666666666667, 0.5733333333333334, 0.6066666666666667, 0.6033333333333334, 0.5566666666666666, 0.56, 0.5566666666666666, 0.5433333333333333, 0.6333333333333333, 0.6133333333333333, 0.5733333333333334, 0.64, 0.61, 0.5733333333333334, 0.6066666666666667, 0.6166666666666667, 0.5766666666666667, 0.6233333333333333, 0.5466666666666666, 0.5433333333333333, 0.6, 0.5766666666666667, 0.5633333333333334, 0.54]
(0.58286666666666676, 0.027656705033921401, 0.64, 0.5333333333333333)
Size: 1000
[0.6366666666666667, 0.6533333333333333, 0.6033333333333334, 0.57, 0.6733333333333333, 0.64, 0.6666666666666666, 0.6233333333333333, 0.58, 0.62, 0.6233333333333333, 0.5866666666666667, 0.6466666666666666, 0.6266666666666667, 0.6166666666666667, 0.6233333333333333, 0.5833333333333334, 0.6266666666666667, 0.65, 0.63, 0.5933333333333334, 0.67, 0.6266666666666667, 0.5766666666666667, 0.6066666666666667, 0.6266666666666667, 0.66, 0.6133333333333333, 0.57, 0.64, 0.7, 0.66, 0.6366666666666667, 0.62, 0.61, 0.6466666666666666, 0.63, 0.6933333333333334, 0.5866666666666667, 0.6566666666666666, 0.6233333333333333, 0.6533333333333333, 0.6466666666666666, 0.6033333333333334, 0.59, 0.6366666666666667, 0.6066666666666667, 0.65, 0.67, 0.6166666666666667]
(0.62800000000000011, 0.030360793431295198, 0.7, 0.57)
