Results:
Size: 50
[0.4066666666666667, 0.44333333333333336, 0.4533333333333333, 0.44, 0.41, 0.44666666666666666, 0.4266666666666667, 0.4066666666666667, 0.38, 0.45, 0.5166666666666667, 0.43333333333333335, 0.42333333333333334, 0.43, 0.43666666666666665, 0.42333333333333334, 0.4066666666666667, 0.39666666666666667, 0.46, 0.4066666666666667, 0.45, 0.44333333333333336, 0.41, 0.43333333333333335, 0.45, 0.44, 0.45, 0.42333333333333334, 0.39, 0.42, 0.41333333333333333, 0.4066666666666667, 0.43666666666666665, 0.38333333333333336, 0.44666666666666666, 0.45666666666666667, 0.43333333333333335, 0.45666666666666667, 0.44666666666666666, 0.44333333333333336, 0.42333333333333334, 0.43333333333333335, 0.4666666666666667, 0.42, 0.43666666666666665, 0.47333333333333333, 0.4066666666666667, 0.46, 0.4666666666666667, 0.43666666666666665]
(0.4330666666666666, 0.024853705290492741, 0.5166666666666667, 0.38)
Size: 100
[0.43666666666666665, 0.44, 0.43, 0.4166666666666667, 0.4633333333333333, 0.4266666666666667, 0.4766666666666667, 0.5433333333333333, 0.4666666666666667, 0.4766666666666667, 0.4666666666666667, 0.4533333333333333, 0.4766666666666667, 0.44666666666666666, 0.41333333333333333, 0.43666666666666665, 0.47, 0.49, 0.44666666666666666, 0.4633333333333333, 0.47333333333333333, 0.49666666666666665, 0.47333333333333333, 0.46, 0.44666666666666666, 0.5033333333333333, 0.4166666666666667, 0.48, 0.4766666666666667, 0.42333333333333334, 0.44, 0.4633333333333333, 0.4666666666666667, 0.5333333333333333, 0.46, 0.4866666666666667, 0.49333333333333335, 0.4533333333333333, 0.47, 0.44333333333333336, 0.4866666666666667, 0.48, 0.44666666666666666, 0.4666666666666667, 0.44, 0.43, 0.4766666666666667, 0.4533333333333333, 0.44333333333333336, 0.49666666666666665]
(0.46240000000000003, 0.027154209822992659, 0.5433333333333333, 0.41333333333333333)
Size: 500
[0.56, 0.5933333333333334, 0.5733333333333334, 0.5566666666666666, 0.61, 0.6, 0.5933333333333334, 0.58, 0.57, 0.5433333333333333, 0.55, 0.6233333333333333, 0.55, 0.5866666666666667, 0.55, 0.58, 0.5333333333333333, 0.6266666666666667, 0.56, 0.64, 0.5833333333333334, 0.5433333333333333, 0.5766666666666667, 0.6033333333333334, 0.6033333333333334, 0.59, 0.6166666666666667, 0.5866666666666667, 0.5933333333333334, 0.5966666666666667, 0.56, 0.5566666666666666, 0.58, 0.54, 0.5666666666666667, 0.5766666666666667, 0.5733333333333334, 0.56, 0.59, 0.58, 0.59, 0.57, 0.55, 0.5833333333333334, 0.64, 0.6133333333333333, 0.5633333333333334, 0.5466666666666666, 0.6366666666666667, 0.55]
(0.57999999999999996, 0.026857649437978248, 0.64, 0.5333333333333333)
Size: 1000
[0.6466666666666666, 0.6, 0.5966666666666667, 0.6266666666666667, 0.5833333333333334, 0.6766666666666666, 0.6366666666666667, 0.6166666666666667, 0.6666666666666666, 0.6566666666666666, 0.61, 0.65, 0.58, 0.5833333333333334, 0.6266666666666667, 0.6166666666666667, 0.59, 0.64, 0.58, 0.5966666666666667, 0.61, 0.59, 0.56, 0.5933333333333334, 0.6266666666666667, 0.6066666666666667, 0.6766666666666666, 0.58, 0.6033333333333334, 0.6533333333333333, 0.5966666666666667, 0.62, 0.5866666666666667, 0.6266666666666667, 0.61, 0.6066666666666667, 0.64, 0.62, 0.6133333333333333, 0.6066666666666667, 0.6266666666666667, 0.62, 0.6333333333333333, 0.63, 0.6233333333333333, 0.6233333333333333, 0.6166666666666667, 0.6333333333333333, 0.6633333333333333, 0.64]
(0.6183333333333334, 0.026274195198584722, 0.6766666666666666, 0.56)
