Results:
20: 0.44
50: 0.416666666667
100: 0.45
500: 0.52
1000: 0.493333333333
20: [0.46666666666666662, 0.43333333333333335, 0.43333333333333335, 0.45000000000000001, 0.41666666666666669]
50: [0.43333333333333335, 0.48333333333333339, 0.35000000000000003, 0.41666666666666669, 0.40000000000000008]
100: [0.3666666666666667, 0.51666666666666672, 0.46666666666666662, 0.53333333333333333, 0.3666666666666667]
500: [0.53333333333333333, 0.51666666666666672, 0.56666666666666665, 0.48333333333333339, 0.5]
1000: [0.48333333333333339, 0.46666666666666662, 0.46666666666666673, 0.56666666666666665, 0.48333333333333339]
