Results:
Size: 50
[0.42, 0.43, 0.4533333333333333, 0.43333333333333335, 0.42333333333333334, 0.43, 0.4533333333333333, 0.4533333333333333, 0.45666666666666667, 0.4633333333333333, 0.47, 0.43666666666666665, 0.4633333333333333, 0.4066666666666667, 0.36666666666666664, 0.44666666666666666, 0.4166666666666667, 0.46, 0.44333333333333336, 0.4533333333333333, 0.43333333333333335, 0.48, 0.51, 0.42, 0.42333333333333334, 0.4533333333333333, 0.4633333333333333, 0.4666666666666667, 0.44, 0.43333333333333335, 0.4766666666666667, 0.39666666666666667, 0.43666666666666665, 0.4766666666666667, 0.47, 0.47333333333333333, 0.41, 0.41333333333333333, 0.39666666666666667, 0.4166666666666667, 0.43333333333333335, 0.42333333333333334, 0.43666666666666665, 0.45666666666666667, 0.48, 0.3933333333333333, 0.49666666666666665, 0.46, 0.47, 0.4533333333333333]
(0.44346666666666673, 0.027999682537882858, 0.51, 0.36666666666666664)
Size: 100
[0.47333333333333333, 0.43666666666666665, 0.45, 0.48, 0.44333333333333336, 0.4266666666666667, 0.47, 0.45666666666666667, 0.4633333333333333, 0.4666666666666667, 0.4766666666666667, 0.4533333333333333, 0.48, 0.46, 0.47333333333333333, 0.5133333333333333, 0.5166666666666667, 0.45, 0.49666666666666665, 0.48, 0.49666666666666665, 0.46, 0.4866666666666667, 0.48, 0.46, 0.4766666666666667, 0.48333333333333334, 0.45, 0.4533333333333333, 0.48333333333333334, 0.48333333333333334, 0.5266666666666666, 0.54, 0.5366666666666666, 0.5166666666666667, 0.4533333333333333, 0.49, 0.43, 0.4766666666666667, 0.45, 0.47333333333333333, 0.47, 0.48333333333333334, 0.43333333333333335, 0.45484949832775917, 0.411371237458194, 0.4666666666666667, 0.46, 0.47333333333333333, 0.47]
(0.47192441471571889, 0.026601391278728355, 0.54, 0.411371237458194)
Size: 500
[0.5733333333333334, 0.5733333333333334, 0.5533333333333333, 0.5933333333333334, 0.5833333333333334, 0.5166666666666667, 0.55, 0.5733333333333334, 0.5433333333333333, 0.5466666666666666, 0.5866666666666667, 0.5433333333333333, 0.56, 0.5533333333333333, 0.5366666666666666, 0.6433333333333333, 0.5866666666666667, 0.57, 0.5766666666666667, 0.5466666666666666, 0.5733333333333334, 0.5551839464882943, 0.5633333333333334, 0.6, 0.5866666666666667, 0.57, 0.6166666666666667, 0.5284280936454849, 0.5933333333333334, 0.5966666666666667, 0.5866666666666667, 0.5652173913043478, 0.5766666666666667, 0.62, 0.5966666666666667, 0.5986622073578596, 0.6020066889632107, 0.6133333333333333, 0.5633333333333334, 0.61, 0.5633333333333334, 0.6333333333333333, 0.5633333333333334, 0.58, 0.5233333333333333, 0.5933333333333334, 0.5785953177257525, 0.5566666666666666, 0.5233333333333333, 0.59]
(0.57462853957636562, 0.027739801212849993, 0.6433333333333333, 0.5166666666666667)
Size: 1000
[0.6, 0.6254180602006689, 0.610738255033557, 0.6466666666666666, 0.64, 0.6020066889632107, 0.6366666666666667, 0.5766666666666667, 0.6454849498327759, 0.5966666666666667, 0.6433333333333333, 0.6333333333333333, 0.5566666666666666, 0.5852842809364549, 0.62, 0.59, 0.5966666666666667, 0.61, 0.6566666666666666, 0.6421404682274248, 0.58, 0.6354515050167224, 0.63, 0.6233333333333333, 0.6233333333333333, 0.6266666666666667, 0.6833333333333333, 0.65, 0.7013422818791947, 0.65, 0.59, 0.5766666666666667, 0.5766666666666667, 0.6220735785953178, 0.6066666666666667, 0.6066666666666667, 0.6220735785953178, 0.6153846153846154, 0.66, 0.5966666666666667, 0.5986622073578596, 0.6633333333333333, 0.56, 0.67, 0.6254180602006689, 0.5819397993311036, 0.63, 0.6466666666666666, 0.5953177257525084, 0.5966666666666667]
(0.61917472110614813, 0.031008828354290356, 0.7013422818791947, 0.5566666666666666)
