Results:
Size: 50
[0.42333333333333334, 0.44, 0.48, 0.4066666666666667, 0.37, 0.4166666666666667, 0.4166666666666667, 0.4166666666666667, 0.4266666666666667, 0.48333333333333334]
(0.42799999999999994, 0.031839877163358801, 0.48333333333333334, 0.37)
Size: 100
[0.51, 0.49, 0.4266666666666667, 0.45666666666666667, 0.49, 0.4033333333333333, 0.48494983277591974, 0.4266666666666667, 0.43333333333333335, 0.44666666666666666]
(0.45682831661092527, 0.033399448698555434, 0.51, 0.4033333333333333)
Size: 500
[0.5233333333333333, 0.54, 0.53, 0.4866666666666667, 0.5317725752508361, 0.5633333333333334, 0.5233333333333333, 0.5733333333333334, 0.5268456375838926, 0.52]
(0.53186182128347281, 0.022658296043417871, 0.5733333333333334, 0.4866666666666667)
